precision
p_thre 64vs64 128vs128 256vs256 512vs512 1024vs1024 2048vs2048
0.01 0.332 0.272 0.178 0.121 0.084 0.056
0.001 0.448 0.361 0.231 0.147 0.097 0.063
1e-04 0.532 0.434 0.282 0.175 0.11 0.07
1e-05 0.599 0.491 0.331 0.203 0.124 0.076
1e-06 0.649 0.534 0.375 0.231 0.138 0.083

recall
p_thre 64vs64 128vs128 256vs256 512vs512 1024vs1024 2048vs2048
0.01 0.324 0.608 0.569 0.467 0.347 0.224
0.001 0.227 0.507 0.542 0.458 0.341 0.222
1e-04 0.162 0.404 0.502 0.446 0.336 0.219
1e-05 0.118 0.318 0.453 0.43 0.329 0.216
1e-06 0.09 0.25 0.401 0.411 0.322 0.213

TN
p_thre 64vs64 128vs128 256vs256 512vs512 1024vs1024 2048vs2048
0.01 0.893 0.776 0.632 0.509 0.415 0.344
0.001 0.954 0.876 0.747 0.617 0.509 0.427
1e-04 0.977 0.927 0.821 0.697 0.582 0.492
1e-05 0.987 0.955 0.872 0.756 0.642 0.546
1e-06 0.992 0.97 0.906 0.802 0.691 0.592

F1
p_thre 64vs64 128vs128 256vs256 512vs512 1024vs1024 2048vs2048
0.01 0.328 0.376 0.271 0.192 0.135 0.09
0.001 0.301 0.422 0.324 0.223 0.151 0.098
1e-04 0.248 0.418 0.361 0.252 0.166 0.106
1e-05 0.198 0.386 0.383 0.276 0.18 0.113
1e-06 0.158 0.341 0.387 0.296 0.194 0.119

F2
p_thre 64vs64 128vs128 256vs256 512vs512 1024vs1024 2048vs2048
0.01 0.475 0.682 0.599 0.487 0.378 0.271
0.001 0.367 0.643 0.628 0.526 0.409 0.292
1e-04 0.277 0.563 0.623 0.544 0.426 0.303
1e-05 0.211 0.477 0.596 0.548 0.435 0.31
1e-06 0.165 0.398 0.556 0.543 0.44 0.313

