precision
p_thre 512 1024 2048 4096 8192
0.01 0.339 0.211 0.12 0.071 0.049
0.001 0.458 0.29 0.159 0.086 0.054
1e-04 0.554 0.361 0.2 0.103 0.059
1e-05 0.625 0.425 0.239 0.122 0.065
1e-06 0.679 0.48 0.278 0.141 0.072

recall
p_thre 512 1024 2048 4096 8192
0.01 0.315 0.33 0.259 0.176 0.111
0.001 0.235 0.281 0.24 0.169 0.108
1e-04 0.176 0.236 0.22 0.162 0.105
1e-05 0.133 0.198 0.2 0.155 0.102
1e-06 0.103 0.166 0.181 0.147 0.099

TN
p_thre 512 1024 2048 4096 8192
0.01 0.893 0.79 0.636 0.447 0.26
0.001 0.951 0.883 0.756 0.567 0.347
1e-04 0.975 0.929 0.83 0.659 0.425
1e-05 0.986 0.954 0.878 0.73 0.495
1e-06 0.991 0.969 0.91 0.783 0.557

F1
p_thre 512 1024 2048 4096 8192
0.01 0.326 0.257 0.164 0.101 0.068
0.001 0.31 0.285 0.191 0.114 0.072
1e-04 0.266 0.285 0.209 0.126 0.076
1e-05 0.218 0.27 0.217 0.136 0.08
1e-06 0.179 0.246 0.219 0.144 0.083

F2
p_thre 512 1024 2048 4096 8192
0.01 0.465 0.466 0.368 0.252 0.155
0.001 0.377 0.426 0.364 0.26 0.164
1e-04 0.297 0.376 0.348 0.261 0.168
1e-05 0.234 0.328 0.325 0.255 0.169
1e-06 0.187 0.283 0.301 0.247 0.169

